ב"ה

יולי 

12 207717.3 , 207738.1,
13 207739.1 , 207758.7,
14 207761.9 , 207781.4,
15 207784.5 , 207799.2,
16 207801.3 , 207822.7,
19 208010.0 , 208030.6,
20 208033.0 , 208054.6,
21 208056.3 , 208077.8,
22 208079.7 , 208101.5,
23 208102.7 , 208122.2,
24 208124.1 , 208135.4,
26 208317.6 , 208339.1,
27 208340.2 , 208363.1,
28 208364.2 , 208386.5,
29 208388.3 , 208409.6,
30 208479.0 , 208486.9,
31 208520.8 , 208529.7,

אוגוסט

2 208747.2 , 208915.2, 
4 208916.5 , 208940.9,
5 208942.7 , 208965.9,
6 208967.3 , 208992.6,
7 208997.4 , 209012.1,
9 209187.9 , 209243.5,
11 209244.6 , 209273.0,
12 209274.1 , 209301.0,
13 209303.1 , 209325.6,
16 209522.1 , 209549.0,
17 209551.6 , 209579.5,
18 209581.0 , 209608.7,
19 209610.6 , 209639.2,
20 209640.3 , 209670.0,
24 209861.6 , 209881.5,
25 209884.1 , 209912.4,
26 209913.6 , 209933.0,
27 209988.8 , 210017.4,
30 210174.8 , 210198.5,
31 210205.9 , 210227.2,

 ספטמבר
 
1 210229.7 , 210252.9,
2 210254.7 , 210274.8,
3 210278.4 , 210304.2,
6 210541.7 , 210565.0,
7 210621.0 , 210650.1,
8 210653.5 , 210677.3,
9 210678.5 , 210705.9,
10 210706.3 , 210730.3,
13 211010.9 , 211032.0,
14 211034.4 , 211055.0,
15 211059.2 , 211084.4,
16 211086.1 , 211107.9,
17 211108.2 , 211130.0,
21 211521.7 , 211547.7,
22 211577.2 , 211603.1,
23 211604.1 , 211631.9,
24 211633.0 , 211660.6,
29 211931.4 , 211942.0,



